Phase = -1.5110462874412436, Frequency = 0.01627906976744186, Amplitude = 0.00012463480077287212
Phase = -2.128149883217942, Frequency = 0.3325581395348837, Amplitude = 8.036086939566724e-06
Phase = 1.00692043767628, Frequency = 0.33488372093023255, Amplitude = 3.820881589934068e-06